# wavelength (nm), a (m^-1), A (m^-1 °C^-1), b (m^-1) (Hendrik Buiteveld. 1994. optical properties of pure water)
3.000000000000000000e+02, 3.819999843835830688e-02, nan, 1.740000024437904358e-02
3.020000000000000000e+02, 3.610000014305114746e-02, nan, 1.689999923110008240e-02
3.020000000000000000e+02, 3.610000014305114746e-02, nan, 1.689999923110008240e-02
3.040000000000000000e+02, 3.409999981522560120e-02, nan, 1.649999991059303284e-02
3.040000000000000000e+02, 3.409999981522560120e-02, nan, 1.649999991059303284e-02
3.060000000000000000e+02, 3.229999914765357971e-02, nan, 1.600000075995922089e-02
3.060000000000000000e+02, 3.229999914765357971e-02, nan, 1.600000075995922089e-02
3.080000000000000000e+02, 3.050000034272670746e-02, nan, 1.559999957680702209e-02
3.080000000000000000e+02, 3.050000034272670746e-02, nan, 1.559999957680702209e-02
3.100000000000000000e+02, 2.879999950528144836e-02, nan, 1.520000025629997253e-02
3.100000000000000000e+02, 2.879999950528144836e-02, nan, 1.520000025629997253e-02
3.120000000000000000e+02, 2.720000036060810089e-02, nan, 1.480000000447034836e-02
3.120000000000000000e+02, 2.720000036060810089e-02, nan, 1.480000000447034836e-02
3.140000000000000000e+02, 2.569999918341636658e-02, nan, 1.439999975264072418e-02
3.140000000000000000e+02, 2.569999918341636658e-02, nan, 1.439999975264072418e-02
3.160000000000000000e+02, 2.419999986886978149e-02, nan, 1.400000043213367462e-02
3.160000000000000000e+02, 2.419999986886978149e-02, nan, 1.400000043213367462e-02
3.180000000000000000e+02, 2.280000038444995880e-02, nan, 1.370000001043081284e-02
3.180000000000000000e+02, 2.280000038444995880e-02, nan, 1.370000001043081284e-02
3.200000000000000000e+02, 2.150000073015689850e-02, nan, 1.329999975860118866e-02
3.200000000000000000e+02, 2.150000073015689850e-02, nan, 1.329999975860118866e-02
3.220000000000000000e+02, 2.030000090599060059e-02, nan, 1.300000026822090149e-02
3.220000000000000000e+02, 2.030000090599060059e-02, nan, 1.300000026822090149e-02
3.240000000000000000e+02, 1.909999921917915344e-02, nan, 1.260000001639127731e-02
3.240000000000000000e+02, 1.909999921917915344e-02, nan, 1.260000001639127731e-02
3.260000000000000000e+02, 1.799999922513961792e-02, nan, 1.229999959468841553e-02
3.260000000000000000e+02, 1.799999922513961792e-02, nan, 1.229999959468841553e-02
3.280000000000000000e+02, 1.700000092387199402e-02, nan, 1.200000010430812836e-02
3.280000000000000000e+02, 1.700000092387199402e-02, nan, 1.200000010430812836e-02
3.300000000000000000e+02, 1.600000075995922089e-02, nan, 1.169999968260526657e-02
3.300000000000000000e+02, 1.600000075995922089e-02, nan, 1.169999968260526657e-02
3.320000000000000000e+02, 1.510000042617321014e-02, nan, 1.140000019222497940e-02
3.320000000000000000e+02, 1.510000042617321014e-02, nan, 1.140000019222497940e-02
3.340000000000000000e+02, 1.420000009238719940e-02, nan, 1.119999960064888000e-02
3.340000000000000000e+02, 1.420000009238719940e-02, nan, 1.119999960064888000e-02
3.360000000000000000e+02, 1.339999958872795105e-02, nan, 1.090000011026859283e-02
3.360000000000000000e+02, 1.339999958872795105e-02, nan, 1.090000011026859283e-02
3.380000000000000000e+02, 1.269999984651803970e-02, nan, 1.059999968856573105e-02
3.380000000000000000e+02, 1.269999984651803970e-02, nan, 1.059999968856573105e-02
3.400000000000000000e+02, 1.190000027418136597e-02, nan, 1.040000002831220627e-02
3.400000000000000000e+02, 1.190000027418136597e-02, nan, 1.040000002831220627e-02
3.420000000000000000e+02, 1.130000036209821701e-02, nan, 1.009999960660934448e-02
3.420000000000000000e+02, 1.130000036209821701e-02, nan, 1.009999960660934448e-02
3.440000000000000000e+02, 1.070000045001506805e-02, nan, 9.899999946355819702e-03
3.440000000000000000e+02, 1.070000045001506805e-02, nan, 9.899999946355819702e-03
3.460000000000000000e+02, 1.009999960660934448e-02, nan, 9.600000455975532532e-03
3.460000000000000000e+02, 1.009999960660934448e-02, nan, 9.600000455975532532e-03
3.480000000000000000e+02, 9.600000455975532532e-03, nan, 9.399999864399433136e-03
3.480000000000000000e+02, 9.600000455975532532e-03, nan, 9.399999864399433136e-03
3.500000000000000000e+02, 9.100000374019145966e-03, nan, 9.200000204145908356e-03
3.500000000000000000e+02, 9.100000374019145966e-03, nan, 9.200000204145908356e-03
3.520000000000000000e+02, 8.600000292062759399e-03, nan, 8.999999612569808960e-03
3.520000000000000000e+02, 8.600000292062759399e-03, nan, 8.999999612569808960e-03
3.540000000000000000e+02, 8.200000040233135223e-03, nan, 8.799999952316284180e-03
3.540000000000000000e+02, 8.200000040233135223e-03, nan, 8.799999952316284180e-03
3.560000000000000000e+02, 7.799999788403511047e-03, nan, 8.600000292062759399e-03
3.560000000000000000e+02, 7.799999788403511047e-03, nan, 8.600000292062759399e-03
3.580000000000000000e+02, 7.499999832361936569e-03, nan, 8.399999700486660004e-03
3.580000000000000000e+02, 7.499999832361936569e-03, nan, 8.399999700486660004e-03
3.600000000000000000e+02, 7.100000046193599701e-03, nan, 8.200000040233135223e-03
3.600000000000000000e+02, 7.100000046193599701e-03, nan, 8.200000040233135223e-03
3.620000000000000000e+02, 6.899999920278787613e-03, nan, 8.000000379979610443e-03
3.620000000000000000e+02, 6.899999920278787613e-03, nan, 8.000000379979610443e-03
3.640000000000000000e+02, 6.599999964237213135e-03, nan, 7.799999788403511047e-03
3.640000000000000000e+02, 6.599999964237213135e-03, nan, 7.799999788403511047e-03
3.660000000000000000e+02, 6.399999838322401047e-03, nan, 7.600000128149986267e-03
3.660000000000000000e+02, 6.399999838322401047e-03, nan, 7.600000128149986267e-03
3.680000000000000000e+02, 6.200000178068876266e-03, nan, 7.499999832361936569e-03
3.680000000000000000e+02, 6.200000178068876266e-03, nan, 7.499999832361936569e-03
3.700000000000000000e+02, 6.000000052154064178e-03, nan, 7.300000172108411789e-03
3.700000000000000000e+02, 6.000000052154064178e-03, nan, 7.300000172108411789e-03
3.720000000000000000e+02, 5.799999926239252090e-03, nan, 7.100000046193599701e-03
3.720000000000000000e+02, 5.799999926239252090e-03, nan, 7.100000046193599701e-03
3.740000000000000000e+02, 5.700000096112489700e-03, nan, 7.000000216066837311e-03
3.740000000000000000e+02, 5.700000096112489700e-03, nan, 7.000000216066837311e-03
3.760000000000000000e+02, 5.599999800324440002e-03, nan, 6.800000090152025223e-03
3.760000000000000000e+02, 5.599999800324440002e-03, nan, 6.800000090152025223e-03
3.780000000000000000e+02, 5.499999970197677612e-03, nan, 6.699999794363975525e-03
3.780000000000000000e+02, 5.499999970197677612e-03, nan, 6.699999794363975525e-03
3.800000000000000000e+02, 5.400000140070915222e-03, nan, 6.500000134110450745e-03
3.800000000000000000e+02, 5.400000140070915222e-03, nan, 6.500000134110450745e-03
3.820000000000000000e+02, 5.400000140070915222e-03, nan, 6.399999838322401047e-03
3.820000000000000000e+02, 5.400000140070915222e-03, nan, 6.399999838322401047e-03
3.840000000000000000e+02, 5.299999844282865524e-03, nan, 6.300000008195638657e-03
3.840000000000000000e+02, 5.299999844282865524e-03, nan, 6.300000008195638657e-03
3.860000000000000000e+02, 5.299999844282865524e-03, nan, 6.099999882280826569e-03
3.860000000000000000e+02, 5.299999844282865524e-03, nan, 6.099999882280826569e-03
3.880000000000000000e+02, 5.299999844282865524e-03, nan, 6.000000052154064178e-03
3.900000000000000000e+02, 5.400000140070915222e-03, nan, 5.900000222027301788e-03
3.920000000000000000e+02, 5.400000140070915222e-03, nan, 5.799999926239252090e-03
3.940000000000000000e+02, 5.400000140070915222e-03, nan, 5.599999800324440002e-03
3.960000000000000000e+02, 5.499999970197677612e-03, nan, 5.499999970197677612e-03
3.980000000000000000e+02, 5.599999800324440002e-03, nan, 5.400000140070915222e-03
4.000000000000000000e+02, 5.799999926239252090e-03, 8.999999845400452614e-04, 5.299999844282865524e-03
4.020000000000000000e+02, 5.900000222027301788e-03, 1.399999950081110001e-03, 5.200000014156103134e-03
4.040000000000000000e+02, 6.099999882280826569e-03, 1.399999950081110001e-03, 5.100000184029340744e-03
4.060000000000000000e+02, 6.300000008195638657e-03, 1.599999959580600262e-03, 4.999999888241291046e-03
4.080000000000000000e+02, 6.500000134110450745e-03, 1.500000013038516045e-03, 4.900000058114528656e-03
4.100000000000000000e+02, 6.699999794363975525e-03, 1.500000013038516045e-03, 4.800000227987766266e-03
4.120000000000000000e+02, 6.899999920278787613e-03, 1.300000003539025784e-03, 4.699999932199716568e-03
4.140000000000000000e+02, 7.199999876320362091e-03, 1.500000013038516045e-03, 4.600000102072954178e-03
4.160000000000000000e+02, 7.400000002235174179e-03, 1.500000013038516045e-03, 4.499999806284904480e-03
4.180000000000000000e+02, 7.600000128149986267e-03, 1.399999950081110001e-03, 4.399999976158142090e-03
4.200000000000000000e+02, 7.899999618530273438e-03, 1.500000013038516045e-03, 4.300000146031379700e-03
4.220000000000000000e+02, 8.200000040233135223e-03, 1.399999950081110001e-03, 4.199999850243330002e-03
4.240000000000000000e+02, 8.399999700486660004e-03, 1.500000013038516045e-03, 4.199999850243330002e-03
4.260000000000000000e+02, 8.700000122189521790e-03, 1.500000013038516045e-03, 4.100000020116567612e-03
4.280000000000000000e+02, 8.899999782443046570e-03, 1.500000013038516045e-03, 4.000000189989805222e-03
4.300000000000000000e+02, 9.200000204145908356e-03, 1.399999950081110001e-03, 3.899999894201755524e-03
4.320000000000000000e+02, 9.399999864399433136e-03, 1.300000003539025784e-03, 3.800000064074993134e-03
4.340000000000000000e+02, 9.700000286102294922e-03, 1.399999950081110001e-03, 3.800000064074993134e-03
4.360000000000000000e+02, 9.899999946355819702e-03, 1.300000003539025784e-03, 3.700000001117587090e-03
4.380000000000000000e+02, 1.020000036805868149e-02, 1.599999959580600262e-03, 3.599999938160181046e-03
4.400000000000000000e+02, 1.040000002831220627e-02, 1.399999950081110001e-03, 3.599999938160181046e-03
4.400000000000000000e+02, 1.040000002831220627e-02, 1.399999950081110001e-03, 3.599999938160181046e-03
4.420000000000000000e+02, 1.059999968856573105e-02, 1.399999950081110001e-03, 3.500000108033418655e-03
4.420000000000000000e+02, 1.059999968856573105e-02, 1.399999950081110001e-03, 3.500000108033418655e-03
4.440000000000000000e+02, 1.080000028014183044e-02, 1.300000003539025784e-03, 3.400000045076012611e-03
4.440000000000000000e+02, 1.080000028014183044e-02, 1.300000003539025784e-03, 3.400000045076012611e-03
4.460000000000000000e+02, 1.099999994039535522e-02, 1.599999959580600262e-03, 3.400000045076012611e-03
4.460000000000000000e+02, 1.099999994039535522e-02, 1.599999959580600262e-03, 3.400000045076012611e-03
4.480000000000000000e+02, 1.119999960064888000e-02, 1.300000003539025784e-03, 3.299999982118606567e-03
4.480000000000000000e+02, 1.119999960064888000e-02, 1.300000003539025784e-03, 3.299999982118606567e-03
4.500000000000000000e+02, 1.140000019222497940e-02, 1.599999959580600262e-03, 3.299999982118606567e-03
4.500000000000000000e+02, 1.140000019222497940e-02, 1.599999959580600262e-03, 3.299999982118606567e-03
4.520000000000000000e+02, 1.159999985247850418e-02, 1.399999950081110001e-03, 3.199999919161200523e-03
4.520000000000000000e+02, 1.159999985247850418e-02, 1.399999950081110001e-03, 3.199999919161200523e-03
4.540000000000000000e+02, 1.180000044405460358e-02, 1.399999950081110001e-03, 3.100000089034438133e-03
4.540000000000000000e+02, 1.180000044405460358e-02, 1.399999950081110001e-03, 3.100000089034438133e-03
4.560000000000000000e+02, 1.200000010430812836e-02, 1.399999950081110001e-03, 3.100000089034438133e-03
4.560000000000000000e+02, 1.200000010430812836e-02, 1.399999950081110001e-03, 3.100000089034438133e-03
4.580000000000000000e+02, 1.219999976456165314e-02, 1.200000056996941566e-03, 3.000000026077032089e-03
4.580000000000000000e+02, 1.219999976456165314e-02, 1.200000056996941566e-03, 3.000000026077032089e-03
4.600000000000000000e+02, 1.240000035613775253e-02, 1.399999950081110001e-03, 3.000000026077032089e-03
4.600000000000000000e+02, 1.240000035613775253e-02, 1.399999950081110001e-03, 3.000000026077032089e-03
4.620000000000000000e+02, 1.260000001639127731e-02, 1.399999950081110001e-03, 2.899999963119626045e-03
4.620000000000000000e+02, 1.260000001639127731e-02, 1.399999950081110001e-03, 2.899999963119626045e-03
4.640000000000000000e+02, 1.279999967664480209e-02, 1.300000003539025784e-03, 2.899999963119626045e-03
4.640000000000000000e+02, 1.279999967664480209e-02, 1.300000003539025784e-03, 2.899999963119626045e-03
4.660000000000000000e+02, 1.300000026822090149e-02, 1.300000003539025784e-03, 2.799999900162220001e-03
4.660000000000000000e+02, 1.300000026822090149e-02, 1.300000003539025784e-03, 2.799999900162220001e-03
4.680000000000000000e+02, 1.329999975860118866e-02, 1.399999950081110001e-03, 2.799999900162220001e-03
4.680000000000000000e+02, 1.329999975860118866e-02, 1.399999950081110001e-03, 2.799999900162220001e-03
4.700000000000000000e+02, 1.350000035017728806e-02, 1.399999950081110001e-03, 2.700000070035457611e-03
4.700000000000000000e+02, 1.350000035017728806e-02, 1.399999950081110001e-03, 2.700000070035457611e-03
4.720000000000000000e+02, 1.379999984055757523e-02, 1.300000003539025784e-03, 2.700000070035457611e-03
4.720000000000000000e+02, 1.379999984055757523e-02, 1.300000003539025784e-03, 2.700000070035457611e-03
4.740000000000000000e+02, 1.410000026226043701e-02, 1.300000003539025784e-03, 2.600000007078051567e-03
4.740000000000000000e+02, 1.410000026226043701e-02, 1.300000003539025784e-03, 2.600000007078051567e-03
4.760000000000000000e+02, 1.439999975264072418e-02, 1.300000003539025784e-03, 2.600000007078051567e-03
4.760000000000000000e+02, 1.439999975264072418e-02, 1.300000003539025784e-03, 2.600000007078051567e-03
4.780000000000000000e+02, 1.480000000447034836e-02, 1.399999950081110001e-03, 2.499999944120645523e-03
4.780000000000000000e+02, 1.480000000447034836e-02, 1.399999950081110001e-03, 2.499999944120645523e-03
4.800000000000000000e+02, 1.520000025629997253e-02, 1.399999950081110001e-03, 2.499999944120645523e-03
4.800000000000000000e+02, 1.520000025629997253e-02, 1.399999950081110001e-03, 2.499999944120645523e-03
4.820000000000000000e+02, 1.569999940693378448e-02, 1.300000003539025784e-03, 2.400000113993883133e-03
4.820000000000000000e+02, 1.569999940693378448e-02, 1.300000003539025784e-03, 2.400000113993883133e-03
4.840000000000000000e+02, 1.620000042021274567e-02, 1.399999950081110001e-03, 2.400000113993883133e-03
4.840000000000000000e+02, 1.620000042021274567e-02, 1.399999950081110001e-03, 2.400000113993883133e-03
4.860000000000000000e+02, 1.669999957084655762e-02, 1.300000003539025784e-03, 2.400000113993883133e-03
4.860000000000000000e+02, 1.669999957084655762e-02, 1.300000003539025784e-03, 2.400000113993883133e-03
4.880000000000000000e+02, 1.740000024437904358e-02, 1.300000003539025784e-03, 2.300000051036477089e-03
4.880000000000000000e+02, 1.740000024437904358e-02, 1.300000003539025784e-03, 2.300000051036477089e-03
4.900000000000000000e+02, 1.810000091791152954e-02, 1.300000003539025784e-03, 2.300000051036477089e-03
4.900000000000000000e+02, 1.810000091791152954e-02, 1.300000003539025784e-03, 2.300000051036477089e-03
4.920000000000000000e+02, 1.889999955892562866e-02, 1.300000003539025784e-03, 2.199999988079071045e-03
4.920000000000000000e+02, 1.889999955892562866e-02, 1.300000003539025784e-03, 2.199999988079071045e-03
4.940000000000000000e+02, 1.979999989271163940e-02, 1.399999950081110001e-03, 2.199999988079071045e-03
4.940000000000000000e+02, 1.979999989271163940e-02, 1.399999950081110001e-03, 2.199999988079071045e-03
4.960000000000000000e+02, 2.089999988675117493e-02, 1.300000003539025784e-03, 2.199999988079071045e-03
4.960000000000000000e+02, 2.089999988675117493e-02, 1.300000003539025784e-03, 2.199999988079071045e-03
4.980000000000000000e+02, 2.229999937117099762e-02, 1.300000003539025784e-03, 2.099999925121665001e-03
4.980000000000000000e+02, 2.229999937117099762e-02, 1.300000003539025784e-03, 2.099999925121665001e-03
5.000000000000000000e+02, 2.380000054836273193e-02, 1.200000056996941566e-03, 2.099999925121665001e-03
5.000000000000000000e+02, 2.380000054836273193e-02, 1.200000056996941566e-03, 2.099999925121665001e-03
5.020000000000000000e+02, 2.549999952316284180e-02, 1.399999950081110001e-03, 2.099999925121665001e-03
5.020000000000000000e+02, 2.549999952316284180e-02, 1.399999950081110001e-03, 2.099999925121665001e-03
5.040000000000000000e+02, 2.730000019073486328e-02, 1.300000003539025784e-03, 2.000000094994902611e-03
5.040000000000000000e+02, 2.730000019073486328e-02, 1.300000003539025784e-03, 2.000000094994902611e-03
5.060000000000000000e+02, 2.910000085830688477e-02, 1.399999950081110001e-03, 2.000000094994902611e-03
5.060000000000000000e+02, 2.910000085830688477e-02, 1.399999950081110001e-03, 2.000000094994902611e-03
5.080000000000000000e+02, 3.099999949336051941e-02, 1.399999950081110001e-03, 2.000000094994902611e-03
5.080000000000000000e+02, 3.099999949336051941e-02, 1.399999950081110001e-03, 2.000000094994902611e-03
5.100000000000000000e+02, 3.290000185370445251e-02, 1.300000003539025784e-03, 1.900000032037496567e-03
5.100000000000000000e+02, 3.290000185370445251e-02, 1.300000003539025784e-03, 1.900000032037496567e-03
5.120000000000000000e+02, 3.489999845623970032e-02, 1.399999950081110001e-03, 1.900000032037496567e-03
5.120000000000000000e+02, 3.489999845623970032e-02, 1.399999950081110001e-03, 1.900000032037496567e-03
5.140000000000000000e+02, 3.680000081658363342e-02, 1.399999950081110001e-03, 1.900000032037496567e-03
5.140000000000000000e+02, 3.680000081658363342e-02, 1.399999950081110001e-03, 1.900000032037496567e-03
5.160000000000000000e+02, 3.860000148415565491e-02, 1.500000013038516045e-03, 1.799999969080090523e-03
5.160000000000000000e+02, 3.860000148415565491e-02, 1.500000013038516045e-03, 1.799999969080090523e-03
5.180000000000000000e+02, 4.039999842643737793e-02, 1.500000013038516045e-03, 1.799999969080090523e-03
5.180000000000000000e+02, 4.039999842643737793e-02, 1.500000013038516045e-03, 1.799999969080090523e-03
5.200000000000000000e+02, 4.089999943971633911e-02, 1.399999950081110001e-03, 1.799999969080090523e-03
5.200000000000000000e+02, 4.089999943971633911e-02, 1.399999950081110001e-03, 1.799999969080090523e-03
5.220000000000000000e+02, 4.160000011324882507e-02, 1.500000013038516045e-03, 1.799999969080090523e-03
5.220000000000000000e+02, 4.160000011324882507e-02, 1.500000013038516045e-03, 1.799999969080090523e-03
5.240000000000000000e+02, 4.089999943971633911e-02, 1.399999950081110001e-03, 1.700000022538006306e-03
5.240000000000000000e+02, 4.089999943971633911e-02, 1.399999950081110001e-03, 1.700000022538006306e-03
5.260000000000000000e+02, 4.270000010728836060e-02, 1.399999950081110001e-03, 1.700000022538006306e-03
5.280000000000000000e+02, 4.230000078678131104e-02, 1.300000003539025784e-03, 1.700000022538006306e-03
5.300000000000000000e+02, 4.289999976754188538e-02, 1.300000003539025784e-03, 1.700000022538006306e-03
5.320000000000000000e+02, 4.450000077486038208e-02, 1.399999950081110001e-03, 1.599999959580600262e-03
5.340000000000000000e+02, 4.560000076889991760e-02, 1.300000003539025784e-03, 1.599999959580600262e-03
5.360000000000000000e+02, 4.699999839067459106e-02, 1.300000003539025784e-03, 1.599999959580600262e-03
5.380000000000000000e+02, 4.800000041723251343e-02, 1.300000003539025784e-03, 1.599999959580600262e-03
5.400000000000000000e+02, 4.949999973177909851e-02, 1.300000003539025784e-03, 1.500000013038516045e-03
5.420000000000000000e+02, 5.029999837279319763e-02, 1.300000003539025784e-03, 1.500000013038516045e-03
5.440000000000000000e+02, 5.270000174641609192e-02, 1.200000056996941566e-03, 1.500000013038516045e-03
5.460000000000000000e+02, 5.440000072121620178e-02, 1.300000003539025784e-03, 1.500000013038516045e-03
5.480000000000000000e+02, 5.640000104904174805e-02, 1.200000056996941566e-03, 1.399999950081110001e-03
5.500000000000000000e+02, 5.880000069737434387e-02, 1.300000003539025784e-03, 1.399999950081110001e-03
5.520000000000000000e+02, 6.109999865293502808e-02, 1.200000056996941566e-03, 1.399999950081110001e-03
5.540000000000000000e+02, 6.310000270605087280e-02, 1.300000003539025784e-03, 1.399999950081110001e-03
5.560000000000000000e+02, 6.459999829530715942e-02, 1.200000056996941566e-03, 1.399999950081110001e-03
5.580000000000000000e+02, 6.580000370740890503e-02, 1.300000003539025784e-03, 1.300000003539025784e-03
5.600000000000000000e+02, 6.719999760389328003e-02, 1.200000056996941566e-03, 1.300000003539025784e-03
5.620000000000000000e+02, 6.859999895095825195e-02, 1.200000056996941566e-03, 1.300000003539025784e-03
5.640000000000000000e+02, 6.989999860525131226e-02, 1.200000056996941566e-03, 1.300000003539025784e-03
5.660000000000000000e+02, 7.180000096559524536e-02, 1.200000056996941566e-03, 1.300000003539025784e-03
5.680000000000000000e+02, 7.339999824762344360e-02, 1.200000000000000000e+01, 1.200000056996941566e-03
5.700000000000000000e+02, 7.590000331401824951e-02, 1.200000056996941566e-03, nan
5.720000000000000000e+02, 7.869999855756759644e-02, 1.200000056996941566e-03, 1.200000056996941566e-03
5.740000000000000000e+02, 8.190000057220458984e-02, 1.200000056996941566e-03, 1.200000056996941566e-03
5.760000000000000000e+02, 8.579999953508377075e-02, 1.200000056996941566e-03, 1.200000056996941566e-03
5.780000000000000000e+02, 8.959999680519104004e-02, 1.200000056996941566e-03, 1.200000056996941566e-03
5.780000000000000000e+02, 8.959999680519104004e-02, 1.200000056996941566e-03, 1.200000056996941566e-03
5.800000000000000000e+02, 9.520000219345092773e-02, 1.200000056996941566e-03, 1.099999994039535522e-03
5.800000000000000000e+02, 9.520000219345092773e-02, 1.200000056996941566e-03, 1.099999994039535522e-03
5.820000000000000000e+02, 1.008000001311302185e-01, 1.200000056996941566e-03, 1.099999994039535522e-03
5.820000000000000000e+02, 1.008000001311302185e-01, 1.200000056996941566e-03, 1.099999994039535522e-03
5.840000000000000000e+02, 1.079000011086463928e-01, 1.300000003539025784e-03, 1.099999994039535522e-03
5.840000000000000000e+02, 1.079000011086463928e-01, 1.300000003539025784e-03, 1.099999994039535522e-03
5.860000000000000000e+02, 1.159000024199485779e-01, 1.399999950081110001e-03, 1.099999994039535522e-03
5.860000000000000000e+02, 1.159000024199485779e-01, 1.399999950081110001e-03, 1.099999994039535522e-03
5.880000000000000000e+02, 1.253000050783157349e-01, 1.399999950081110001e-03, 1.099999994039535522e-03
5.880000000000000000e+02, 1.253000050783157349e-01, 1.399999950081110001e-03, 1.099999994039535522e-03
5.900000000000000000e+02, 1.356000006198883057e-01, 1.500000013038516045e-03, 1.099999994039535522e-03
5.900000000000000000e+02, 1.356000006198883057e-01, 1.500000013038516045e-03, 1.099999994039535522e-03
5.920000000000000000e+02, 1.458999961614608765e-01, 1.599999959580600262e-03, 1.000000047497451305e-03
5.920000000000000000e+02, 1.458999961614608765e-01, 1.599999959580600262e-03, 1.000000047497451305e-03
5.940000000000000000e+02, 1.567000001668930054e-01, 1.599999959580600262e-03, 1.000000047497451305e-03
5.940000000000000000e+02, 1.567000001668930054e-01, 1.599999959580600262e-03, 1.000000047497451305e-03
5.960000000000000000e+02, 1.700000017881393433e-01, 1.700000022538006306e-03, 1.000000047497451305e-03
5.960000000000000000e+02, 1.700000017881393433e-01, 1.700000022538006306e-03, 1.000000047497451305e-03
5.980000000000000000e+02, 1.860000044107437134e-01, 1.799999969080090523e-03, 1.000000047497451305e-03
5.980000000000000000e+02, 1.860000044107437134e-01, 1.799999969080090523e-03, 1.000000047497451305e-03
6.000000000000000000e+02, 2.223999947309494019e-01, 2.000000094994902611e-03, 1.000000047497451305e-03
6.000000000000000000e+02, 2.223999947309494019e-01, 2.000000094994902611e-03, 1.000000047497451305e-03
6.020000000000000000e+02, 2.365999966859817505e-01, 2.199999988079071045e-03, 1.000000047497451305e-03
6.020000000000000000e+02, 2.365999966859817505e-01, 2.199999988079071045e-03, 1.000000047497451305e-03
6.040000000000000000e+02, 2.448000013828277588e-01, 2.400000113993883133e-03, 1.000000047497451305e-03
6.040000000000000000e+02, 2.448000013828277588e-01, 2.400000113993883133e-03, 1.000000047497451305e-03
6.060000000000000000e+02, 2.587000131607055664e-01, 2.499999944120645523e-03, 8.999999845400452614e-04
6.060000000000000000e+02, 2.587000131607055664e-01, 2.499999944120645523e-03, 8.999999845400452614e-04
6.080000000000000000e+02, 2.653000056743621826e-01, 2.499999944120645523e-03, 8.999999845400452614e-04
6.080000000000000000e+02, 2.653000056743621826e-01, 2.499999944120645523e-03, 8.999999845400452614e-04
6.100000000000000000e+02, 2.691000103950500488e-01, 2.400000113993883133e-03, 8.999999845400452614e-04
6.100000000000000000e+02, 2.691000103950500488e-01, 2.400000113993883133e-03, 8.999999845400452614e-04
6.120000000000000000e+02, 2.714999914169311523e-01, 2.300000051036477089e-03, 8.999999845400452614e-04
6.120000000000000000e+02, 2.714999914169311523e-01, 2.300000051036477089e-03, 8.999999845400452614e-04
6.140000000000000000e+02, 2.739999890327453613e-01, 2.199999988079071045e-03, 8.999999845400452614e-04
6.140000000000000000e+02, 2.739999890327453613e-01, 2.199999988079071045e-03, 8.999999845400452614e-04
6.160000000000000000e+02, 2.763999998569488525e-01, 2.099999925121665001e-03, 8.999999845400452614e-04
6.160000000000000000e+02, 2.763999998569488525e-01, 2.099999925121665001e-03, 8.999999845400452614e-04
6.180000000000000000e+02, 2.785000000000000000e+03, 2.000000094994902611e-03, 8.999999845400452614e-04
6.180000000000000000e+02, 2.785000000000000000e+03, 2.000000094994902611e-03, 8.999999845400452614e-04
6.200000000000000000e+02, 2.809999883174896240e-01, 1.900000032037496567e-03, 8.999999845400452614e-04
6.200000000000000000e+02, 2.809999883174896240e-01, 1.900000032037496567e-03, 8.999999845400452614e-04
6.220000000000000000e+02, 2.838999927043914795e-01, 1.799999969080090523e-03, 8.999999845400452614e-04
6.220000000000000000e+02, 2.838999927043914795e-01, 1.799999969080090523e-03, 8.999999845400452614e-04
6.240000000000000000e+02, 2.867999970912933350e-01, 1.799999969080090523e-03, 7.999999797903001308e-04
6.240000000000000000e+02, 2.867999970912933350e-01, 1.799999969080090523e-03, 7.999999797903001308e-04
6.260000000000000000e+02, 2.892999947071075439e-01, 1.700000022538006306e-03, 7.999999797903001308e-04
6.260000000000000000e+02, 2.892999947071075439e-01, 1.700000022538006306e-03, 7.999999797903001308e-04
6.280000000000000000e+02, 2.921999990940093994e-01, 1.599999959580600262e-03, 7.999999797903001308e-04
6.280000000000000000e+02, 2.921999990940093994e-01, 1.599999959580600262e-03, 7.999999797903001308e-04
6.300000000000000000e+02, 2.955000102519989014e-01, 1.500000013038516045e-03, 7.999999797903001308e-04
6.300000000000000000e+02, 2.955000102519989014e-01, 1.500000013038516045e-03, 7.999999797903001308e-04
6.320000000000000000e+02, 2.987999916076660156e-01, 1.399999950081110001e-03, 7.999999797903001308e-04
6.320000000000000000e+02, 2.987999916076660156e-01, 1.399999950081110001e-03, 7.999999797903001308e-04
6.340000000000000000e+02, 3.010999858379364014e-01, 1.300000003539025784e-03, 7.999999797903001308e-04
6.340000000000000000e+02, 3.010999858379364014e-01, 1.300000003539025784e-03, 7.999999797903001308e-04
6.360000000000000000e+02, 3.037999868392944336e-01, 1.300000003539025784e-03, 7.999999797903001308e-04
6.360000000000000000e+02, 3.037999868392944336e-01, 1.300000003539025784e-03, 7.999999797903001308e-04
6.380000000000000000e+02, 3.075999915599822998e-01, 1.200000056996941566e-03, 7.999999797903001308e-04
6.380000000000000000e+02, 3.075999915599822998e-01, 1.200000056996941566e-03, 7.999999797903001308e-04
6.400000000000000000e+02, 3.111000061035156250e-01, 1.200000056996941566e-03, 7.999999797903001308e-04
6.400000000000000000e+02, 3.111000061035156250e-01, 1.200000056996941566e-03, 7.999999797903001308e-04
6.420000000000000000e+02, 3.143999874591827393e-01, 1.099999994039535522e-03, 6.999999750405550003e-04
6.420000000000000000e+02, 3.143999874591827393e-01, 1.099999994039535522e-03, 6.999999750405550003e-04
6.440000000000000000e+02, 3.181000053882598877e-01, 1.099999994039535522e-03, 6.999999750405550003e-04
6.440000000000000000e+02, 3.181000053882598877e-01, 1.099999994039535522e-03, 6.999999750405550003e-04
6.460000000000000000e+02, 3.222999870777130127e-01, 1.099999994039535522e-03, 6.999999750405550003e-04
6.460000000000000000e+02, 3.222999870777130127e-01, 1.099999994039535522e-03, 6.999999750405550003e-04
6.480000000000000000e+02, 3.263000000000000000e+03, 1.000000047497451305e-03, 6.999999750405550003e-04
6.480000000000000000e+02, 3.263000000000000000e+03, 1.000000047497451305e-03, 6.999999750405550003e-04
6.500000000000000000e+02, 3.314999938011169434e-01, 1.099999994039535522e-03, 6.999999750405550003e-04
6.500000000000000000e+02, 3.314999938011169434e-01, 1.099999994039535522e-03, 6.999999750405550003e-04
6.520000000000000000e+02, 3.361999988555908203e-01, 1.000000047497451305e-03, 6.999999750405550003e-04
6.520000000000000000e+02, 3.361999988555908203e-01, 1.000000047497451305e-03, 6.999999750405550003e-04
6.540000000000000000e+02, 3.422999978065490723e-01, 1.000000047497451305e-03, 6.999999750405550003e-04
6.540000000000000000e+02, 3.422999978065490723e-01, 1.000000047497451305e-03, 6.999999750405550003e-04
6.560000000000000000e+02, 3.508000075817108154e-01, 1.000000047497451305e-03, 6.999999750405550003e-04
6.560000000000000000e+02, 3.508000075817108154e-01, 1.000000047497451305e-03, 6.999999750405550003e-04
6.580000000000000000e+02, 3.635999858379364014e-01, 1.099999994039535522e-03, 6.999999750405550003e-04
6.580000000000000000e+02, 3.635999858379364014e-01, 1.099999994039535522e-03, 6.999999750405550003e-04
6.600000000000000000e+02, 3.790999948978424072e-01, 1.200000056996941566e-03, 6.999999750405550003e-04
6.600000000000000000e+02, 3.790999948978424072e-01, 1.200000056996941566e-03, 6.999999750405550003e-04
6.620000000000000000e+02, 3.930999934673309326e-01, 1.500000013038516045e-03, 6.999999750405550003e-04
6.620000000000000000e+02, 3.930999934673309326e-01, 1.500000013038516045e-03, 6.999999750405550003e-04
6.640000000000000000e+02, 4.018999934196472168e-01, 1.500000013038516045e-03, 6.000000284984707832e-04
6.660000000000000000e+02, 4.072000086307525635e-01, 1.500000013038516045e-03, 6.000000284984707832e-04
6.680000000000000000e+02, 4.097999930381774902e-01, 1.399999950081110001e-03, 6.000000284984707832e-04
6.700000000000000000e+02, 4.122000038623809814e-01, 1.399999950081110001e-03, 6.000000284984707832e-04
6.720000000000000000e+02, 4.149999916553497314e-01, 1.300000003539025784e-03, 6.000000284984707832e-04
6.740000000000000000e+02, 4.172999858856201172e-01, 1.300000003539025784e-03, 6.000000284984707832e-04
6.760000000000000000e+02, 4.223000109195709229e-01, 1.200000056996941566e-03, 6.000000284984707832e-04
6.780000000000000000e+02, 4.269999861717224121e-01, 1.099999994039535522e-03, 6.000000284984707832e-04
6.800000000000000000e+02, 4.318000078201293945e-01, 1.099999994039535522e-03, 6.000000284984707832e-04
6.820000000000000000e+02, 4.381000101566314697e-01, 1.000000047497451305e-03, 6.000000284984707832e-04
6.840000000000000000e+02, 4.458000063896179199e-01, 1.000000047497451305e-03, 6.000000284984707832e-04
6.860000000000000000e+02, 4.544999897480010986e-01, 8.999999845400452614e-04, 6.000000284984707832e-04
6.880000000000000000e+02, 4.645999968051910400e-01, 1.000000047497451305e-03, 6.000000284984707832e-04
6.900000000000000000e+02, 4.760000109672546387e-01, 8.999999845400452614e-04, 6.000000284984707832e-04
6.920000000000000000e+02, 4.902999997138977051e-01, 8.999999845400452614e-04, 5.000000237487256527e-04
6.940000000000000000e+02, 5.070999860763549805e-01, 8.999999845400452614e-04, 5.000000237487256527e-04
6.960000000000000000e+02, 5.243999958038330078e-01, 1.000000047497451305e-03, 5.000000237487256527e-04
6.980000000000000000e+02, 5.469999909400939941e-01, 8.999999845400452614e-04, 5.000000237487256527e-04
7.000000000000000000e+02, 5.722000002861022949e-01, 1.000000047497451305e-03, 5.000000237487256527e-04
7.020000000000000000e+02, 5.995000004768371582e-01, 1.200000056996941566e-03, 5.000000237487256527e-04
7.040000000000000000e+02, 6.302999854087829590e-01, 1.200000056996941566e-03, 5.000000237487256527e-04
7.060000000000000000e+02, 6.628000140190124512e-01, 1.300000003539025784e-03, 5.000000237487256527e-04
7.080000000000000000e+02, 6.992999911308288574e-01, 1.599999959580600262e-03, 5.000000237487256527e-04
7.100000000000000000e+02, 7.415000200271606445e-01, 1.799999969080090523e-03, 5.000000237487256527e-04
7.120000000000000000e+02, 7.893000245094299316e-01, 2.099999925121665001e-03, 5.000000237487256527e-04
7.140000000000000000e+02, 8.445000052452087402e-01, 2.600000007078051567e-03, 5.000000237487256527e-04
7.140000000000000000e+02, 8.445000052452087402e-01, 2.600000007078051567e-03, 5.000000237487256527e-04
7.160000000000000000e+02, 9.108999967575073242e-01, 3.199999919161200523e-03, 5.000000237487256527e-04
7.160000000000000000e+02, 9.108999967575073242e-01, 3.199999919161200523e-03, 5.000000237487256527e-04
7.180000000000000000e+02, 9.871000051498413086e-01, 3.899999894201755524e-03, 5.000000237487256527e-04
7.180000000000000000e+02, 9.871000051498413086e-01, 3.899999894201755524e-03, 5.000000237487256527e-04
7.200000000000000000e+02, 1.072399973869323730e+00, 4.600000102072954178e-03, 5.000000237487256527e-04
7.200000000000000000e+02, 1.072399973869323730e+00, 4.600000102072954178e-03, 5.000000237487256527e-04
7.220000000000000000e+02, 1.167899966239929199e+00, 5.299999844282865524e-03, 5.000000237487256527e-04
7.220000000000000000e+02, 1.167899966239929199e+00, 5.299999844282865524e-03, 5.000000237487256527e-04
7.240000000000000000e+02, 1.268399953842163086e+00, 6.099999882280826569e-03, 5.000000237487256527e-04
7.240000000000000000e+02, 1.268399953842163086e+00, 6.099999882280826569e-03, 5.000000237487256527e-04
7.260000000000000000e+02, 1.371899962425231934e+00, 6.800000090152025223e-03, 3.999999898951500654e-04
7.260000000000000000e+02, 1.371899962425231934e+00, 6.800000090152025223e-03, 3.999999898951500654e-04
7.280000000000000000e+02, 1.486999988555908203e+00, 7.699999958276748657e-03, 3.999999898951500654e-04
7.280000000000000000e+02, 1.486999988555908203e+00, 7.699999958276748657e-03, 3.999999898951500654e-04
7.300000000000000000e+02, 1.621099948883056641e+00, 8.600000292062759399e-03, 3.999999898951500654e-04
7.300000000000000000e+02, 1.621099948883056641e+00, 8.600000292062759399e-03, 3.999999898951500654e-04
7.320000000000000000e+02, 1.787199974060058594e+00, 9.800000116229057312e-03, 3.999999898951500654e-04
7.320000000000000000e+02, 1.787199974060058594e+00, 9.800000116229057312e-03, 3.999999898951500654e-04
7.340000000000000000e+02, 1.991700053215026855e+00, 1.140000019222497940e-02, 3.999999898951500654e-04
7.340000000000000000e+02, 1.991700053215026855e+00, 1.140000019222497940e-02, 3.999999898951500654e-04
7.360000000000000000e+02, 2.207400083541870117e+00, 1.329999975860118866e-02, 3.999999898951500654e-04
7.360000000000000000e+02, 2.207400083541870117e+00, 1.329999975860118866e-02, 3.999999898951500654e-04
7.380000000000000000e+02, 2.394200086593627930e+00, 1.520000025629997253e-02, 3.999999898951500654e-04
7.380000000000000000e+02, 2.394200086593627930e+00, 1.520000025629997253e-02, 3.999999898951500654e-04
7.400000000000000000e+02, 2.531899929046630859e+00, 1.630000025033950806e-02, 3.999999898951500654e-04
7.400000000000000000e+02, 2.531899929046630859e+00, 1.630000025033950806e-02, 3.999999898951500654e-04
7.420000000000000000e+02, 2.623100042343139648e+00, 1.679999940097332001e-02, 3.999999898951500654e-04
7.420000000000000000e+02, 2.623100042343139648e+00, 1.679999940097332001e-02, 3.999999898951500654e-04
7.440000000000000000e+02, 2.672300100326538086e+00, 1.659999974071979523e-02, 3.999999898951500654e-04
7.440000000000000000e+02, 2.672300100326538086e+00, 1.659999974071979523e-02, 3.999999898951500654e-04
7.460000000000000000e+02, 2.702100038528442383e+00, 1.610000059008598328e-02, 3.999999898951500654e-04
7.460000000000000000e+02, 2.702100038528442383e+00, 1.610000059008598328e-02, 3.999999898951500654e-04
7.480000000000000000e+02, 2.721600055694580078e+00, 1.520000025629997253e-02, 3.999999898951500654e-04
7.480000000000000000e+02, 2.721600055694580078e+00, 1.520000025629997253e-02, 3.999999898951500654e-04
7.500000000000000000e+02, 2.733400106430053711e+00, 1.429999992251396179e-02, 3.999999898951500654e-04
7.500000000000000000e+02, 2.733400106430053711e+00, 1.429999992251396179e-02, 3.999999898951500654e-04
7.520000000000000000e+02, 2.741300106048583984e+00, 1.319999992847442627e-02, 3.999999898951500654e-04
7.520000000000000000e+02, 2.741300106048583984e+00, 1.319999992847442627e-02, 3.999999898951500654e-04
7.540000000000000000e+02, 2.747800111770629883e+00, 1.219999976456165314e-02, 3.999999898951500654e-04
7.540000000000000000e+02, 2.747800111770629883e+00, 1.219999976456165314e-02, 3.999999898951500654e-04
7.560000000000000000e+02, 2.754199981689453125e+00, 1.109999977052211761e-02, 3.999999898951500654e-04
7.560000000000000000e+02, 2.754199981689453125e+00, 1.109999977052211761e-02, 3.999999898951500654e-04
7.580000000000000000e+02, 2.762799978256225586e+00, 1.020000036805868149e-02, 3.999999898951500654e-04
7.580000000000000000e+02, 2.762799978256225586e+00, 1.020000036805868149e-02, 3.999999898951500654e-04
7.600000000000000000e+02, 2.770999908447265625e+00, 9.100000374019145966e-03, 3.999999898951500654e-04
7.600000000000000000e+02, 2.770999908447265625e+00, 9.100000374019145966e-03, 3.999999898951500654e-04
7.620000000000000000e+02, 2.773299932479858398e+00, 8.100000210106372833e-03, 3.999999898951500654e-04
7.620000000000000000e+02, 2.773299932479858398e+00, 8.100000210106372833e-03, 3.999999898951500654e-04
7.640000000000000000e+02, 2.774199962615966797e+00, 7.100000046193599701e-03, 3.999999898951500654e-04
7.640000000000000000e+02, 2.774199962615966797e+00, 7.100000046193599701e-03, 3.999999898951500654e-04
7.660000000000000000e+02, 2.770100116729736328e+00, 6.099999882280826569e-03, 3.999999898951500654e-04
7.660000000000000000e+02, 2.770100116729736328e+00, 6.099999882280826569e-03, 3.999999898951500654e-04
7.680000000000000000e+02, 2.760999917984008789e+00, 5.100000184029340744e-03, 3.999999898951500654e-04
7.680000000000000000e+02, 2.760999917984008789e+00, 5.100000184029340744e-03, 3.999999898951500654e-04
7.700000000000000000e+02, 2.754199981689453125e+00, 4.199999850243330002e-03, 3.000000142492353916e-04
7.700000000000000000e+02, 2.754199981689453125e+00, 4.199999850243330002e-03, 3.000000142492353916e-04
7.720000000000000000e+02, 2.748199939727783203e+00, 3.299999982118606567e-03, 3.000000142492353916e-04
7.720000000000000000e+02, 2.748199939727783203e+00, 3.299999982118606567e-03, 3.000000142492353916e-04
7.740000000000000000e+02, 2.730499982833862305e+00, 2.499999944120645523e-03, 3.000000142492353916e-04
7.740000000000000000e+02, 2.730499982833862305e+00, 2.499999944120645523e-03, 3.000000142492353916e-04
7.760000000000000000e+02, 2.709700107574462891e+00, 1.599999959580600262e-03, 3.000000142492353916e-04
7.760000000000000000e+02, 2.709700107574462891e+00, 1.599999959580600262e-03, 3.000000142492353916e-04
7.780000000000000000e+02, 2.689599990844726562e+00, 8.999999845400452614e-04, 3.000000142492353916e-04
7.780000000000000000e+02, 2.689599990844726562e+00, 8.999999845400452614e-04, 3.000000142492353916e-04
7.800000000000000000e+02, 2.658999919891357422e+00, 1.999999949475750327e-04, 3.000000142492353916e-04
7.800000000000000000e+02, 2.658999919891357422e+00, 1.999999949475750327e-04, 3.000000142492353916e-04
7.820000000000000000e+02, 2.633199930191040039e+00, -5.000000237487256527e-04, 3.000000142492353916e-04
7.820000000000000000e+02, 2.633199930191040039e+00, -5.000000237487256527e-04, 3.000000142492353916e-04
7.840000000000000000e+02, 2.606199979782104492e+00, -1.099999994039535522e-03, 3.000000142492353916e-04
7.840000000000000000e+02, 2.606199979782104492e+00, -1.099999994039535522e-03, 3.000000142492353916e-04
7.860000000000000000e+02, 2.570199966430664062e+00, -1.700000022538006306e-03, 3.000000142492353916e-04
7.860000000000000000e+02, 2.570199966430664062e+00, -1.700000022538006306e-03, 3.000000142492353916e-04
7.880000000000000000e+02, 2.533499956130981445e+00, -2.199999988079071045e-03, 3.000000142492353916e-04
7.880000000000000000e+02, 2.533499956130981445e+00, -2.199999988079071045e-03, 3.000000142492353916e-04
7.900000000000000000e+02, 2.492399930953979492e+00, -2.700000070035457611e-03, 3.000000142492353916e-04
7.900000000000000000e+02, 2.492399930953979492e+00, -2.700000070035457611e-03, 3.000000142492353916e-04
7.920000000000000000e+02, 2.448100090026855469e+00, -3.000000026077032089e-03, 3.000000142492353916e-04
7.920000000000000000e+02, 2.448100090026855469e+00, -3.000000026077032089e-03, 3.000000142492353916e-04
7.940000000000000000e+02, 2.408299922943115234e+00, -3.400000045076012611e-03, 3.000000142492353916e-04
7.940000000000000000e+02, 2.408299922943115234e+00, -3.400000045076012611e-03, 3.000000142492353916e-04
7.960000000000000000e+02, 2.374200105667114258e+00, -3.599999938160181046e-03, 3.000000142492353916e-04
7.960000000000000000e+02, 2.374200105667114258e+00, -3.599999938160181046e-03, 3.000000142492353916e-04
7.980000000000000000e+02, 2.333199977874755859e+00, -3.700000001117587090e-03, 3.000000142492353916e-04
7.980000000000000000e+02, 2.333199977874755859e+00, -3.700000001117587090e-03, 3.000000142492353916e-04
8.000000000000000000e+02, 2.293200016021728516e+00, -3.800000064074993134e-03, 3.000000142492353916e-04
8.000000000000000000e+02, 2.293200016021728516e+00, -3.800000064074993134e-03, 3.000000142492353916e-04
